(-3;-3)(20;6)(30;0)(20;7)
(-3;-3)(20;6)(30;0)(20;7)

(-3;-3)(20;6)(30;0)(20;7)


(10;6)(10;7)(30;0)(20;5)

(10;1)(10;5)(20;3)(20;4)
(20;1)
(30;0)(20;3)(30;0)(20;17)(40;1)(40;2)

(10;2)(30;0)(20;17)(30;0)(20;17)(30;0)(20;5)
(10;11)(10;2)(30;0)(20;8)(40;3)(20;5)

(10;15)(20;15)(30;0)(20;5)

(30;0)(20;8)(40;4)(20;11)(30;0)(20;11)(30;0)(20;5)

(10;13)(20;16)(30;0)(20;16)(10;14)(20;5)

(30;0)(20;8)(30;0)(20;11)(30;0)(20;11)(30;0)(20;5)

(10;13)(20;16)(30;0)(20;16)(10;14)(20;5)

(10;8)(40;5)(20;5)
(20;2)